12125550100
13105550200
13125550300
13055550400
14155550500
12025550600
16175550700
17025550800
12065550900
15125551000
14045551100
16025551200
13035551300
12145551400
16155551500
15045551600
12165551700
12675551800
15035551900
16195552000
14075552100
13175552200
17045552300
18015552400
19135552500
18085552600
19075552700
15055552800
13145552900
17025553000
14015553100
14065553200
16055553300
13075553400
19075553500
19075553600
19075553700
19075553800
19075553900
19075554000
19075554100
19075554200
19075554300
19075554400
19075554500
19075554600
19075554700
19075554800
19075554900
19075555000
02079460100
01314960200
02920180300
02890320400
01214960500
01614960600
01174960700
01134960800
01154960900
01414961000
01914961100
02380321200
01144961300
02074961400
01214981500
02071231600
01312341700
02987651800
02891231900
01213452000
01614562100
01175672200
01136782300
01157892400
01418902500
01919012600
02380242700
01148132800
01382496000
01224496000
01534496000
01624496000
01481496000
01204496000
01244496000
01273496000
01276496000
01279496000
01642496000
01962496000
01772496000
01536496000
01443496000
01268496000
01793496000
01245496000
01908496000
01782496000
01384496000
01926496000